Name: 8294573643410853
Creation time: Tue Dec 13 05:10:06 2022
Train time: 10.208949327468872
C: 100
MAX_ITER: 200
TARGET_SCORE: 0.81
GOOD_SCORE: 0.79
SCORE: 0.8294573643410853
TEST_SIZE: 0.2