Name: 810077519379845
Creation time: Tue Dec 13 04:56:03 2022
Train time: 9.941960096359253
C: 100
MAX_ITER: 200
TARGET_SCORE: 0.81
GOOD_SCORE: 0.79
SCORE: 0.810077519379845
TEST_SIZE: 0.2